title:Rarona's curated list with extra rolls addtionally from Voltron rolls

//Added by Rarona for Heresy Weapons

dimwishlist:item=3229982889&perks=1840239774,3230963543,692399809,2298656195
dimwishlist:item=3229982889&perks=1840239774,3230963543,923806249,960997401
dimwishlist:item=3229982889&perks=1482024992,3142289711,692399809,1015611457
dimwishlist:item=4028298892&perks=3525010810,2822142346,3987942396,3218042543
dimwishlist:item=4028298892&perks=3525010810,2822142346,2010801679,3218042543
dimwishlist:item=4028298892&perks=3525010810,2822142346,2010801679,4104185692
dimwishlist:item=4028298892&perks=3525010810,2822142346,3987942396,4104185692
dimwishlist:item=727781522&perks=839105230,1687452232,3643424744,1427256713
dimwishlist:item=727781522&perks=839105230,1687452232,3643424744,4104185692
dimwishlist:item=727781522&perks=839105230,1687452232,3400784728,4104185692
dimwishlist:item=727781522&perks=839105230,1687452232,3400784728,1427256713
dimwishlist:item=1757177186&perks=1840239774,1561002382,3643424744,3966416502
dimwishlist:item=1757177186&perks=1840239774,1885400500,3643424744,3966416502
dimwishlist:item=1757177186&perks=1482024992,1561002382,1359896290,31345821
dimwishlist:item=1757177186&perks=1482024992,1885400500,1359896290,31345821
dimwishlist:item=547165496&perks=436053704,52780822,1749209109,31345821
dimwishlist:item=547165496&perks=436053704,52780822,1749209109,3708227201
dimwishlist:item=547165496&perks=3666208348,269888150,4274614370,3523296417
dimwishlist:item=547165496&perks=3666208348,269888150,4274614370,831391274
dimwishlist:item=3218364298&perks=839105230,3142289711,2579169598,460017080,4259401308
dimwishlist:item=3218364298&perks=839105230,3142289711,2387244414,460017080,4259401308
dimwishlist:item=3218364298&perks=839105230,1087426260,1955165503,124408337,3465198467
dimwishlist:item=157601190&perks=1840239774,1885400500,776531651,2048641572,4091460919
dimwishlist:item=157601190&perks=839105230,1885400500,2579169598,460017080,4091460919
dimwishlist:item=342027677&perks=1482024992,2969185026,1821614984,3218042543
dimwishlist:item=1505862304&perks=1840239774,3230963543,776531651,2048641572
dimwishlist:item=1505862304&perks=3250034553,1885400500,460017080,1015611457
dimwishlist:item=1390080550&perks=1482024992,1885400500,1119449540,124408337
dimwishlist:item=1390080550&perks=1482024992,1885400500,3436462433,2319119708
dimwishlist:item=3437370193&perks=1840239774,106909392,124408337,1955165503
dimwishlist:item=3437370193&perks=1467527085,3142289711,2387244414,460017080
dimwishlist:item=2876244791&perks=1840239774,106909392,3038247973,3218042543,1281216113
dimwishlist:item=3437370193&perks=1467527085,3142289711,588594999,460017080
dimwishlist:item=3437370193&perks=1467527085,3142289711,2387244414,3047969693
dimwishlist:item=3437370193&perks=1467527085,3142289711,2387244414,460017080
dimwishlist:item=2876244791&perks=1840239774,106909392,3038247973,3081867624,1281216113
dimwishlist:item=2876244791&perks=1482024992,3142289711,3038247973,47981717,1281216113
dimwishlist:item=2876244791&perks=1482024992,3142289711,3038247973,2720533289,1281216113
dimwishlist:item=2876244791&perks=1482024992,3142289711,3038247973,47981717,1281216113
dimwishlist:item=2876244791&perks=1840239774,106909392,1168162263,3218042543,1281216113
dimwishlist:item=2876244791&perks=1840239774,106909392,1168162263,3081867624,1281216113
